         -0.65788078
         -0.58478355
         -0.88092202
         -0.84317195
          -1.1307139
          -1.1986269
          -1.3545285
          -1.0095526
          -1.3062778
          -1.0669703
          -1.0387012
         -0.95779902
          -1.1055145
          -1.0160277
         -0.82996416
         -0.88130867
          -1.0821711
         -0.78216124
          -1.1238574
         -0.81526792
          -0.9286586
         -0.86637354
           -1.067866
         -0.66301906
         -0.78562194
         -0.61829191
         -0.74110729
         -0.70582587
         -0.76733059
         -0.80257452
         -0.76761234
         -0.89974868
          -1.1023037
           -1.041293
         -0.97159922
          -1.0338471
         -0.92041934
         -0.91256559
         -0.93997312
         -0.79170406
         -0.66111743
          -0.4954786
         -0.41783389
         0.011270192
         -0.42984554
         -0.37008685
         -0.37195316
         -0.32997519
         -0.51661325
         -0.40452299
         -0.43315685
         -0.40036574
         -0.48193014
         -0.29991964
         -0.25863031
         -0.29653794
         -0.20270416
         -0.17048751
         -0.15594175
         -0.22058943
         -0.20622644
         -0.33257836
         -0.23929267
         -0.39218858
         -0.32544479
          -0.2851539
         -0.22736949
         -0.31908265
         -0.28783125
         -0.27423909
         -0.13768001
         -0.28244957
          -0.1636247
         -0.21186814
         -0.31292078
          0.35939062
          0.34608299
          0.34149367
          0.31925687
          0.27937397
          0.17790118
          0.35761333
           0.3263244
          0.33891875
          0.22840567
          0.36392733
          0.14782904
          0.32718268
          0.20765391
          0.42205682
          0.35515869
          0.48157048
          0.55520016
          0.49694774
          0.55290872
          0.74945199
           0.5240792
          0.52718276
           0.6620847
          0.65632576
          0.64174372
          0.82927781
          0.78826571
          0.64175612
           0.7501024
          0.84963441
          0.81730717
          0.79374743
          0.85805863
          0.97508627
          0.97784013
          0.98057973
          0.92178351
           1.2057502
           1.1469347
           1.2463157
           1.1171759
           1.1901816
           1.2280297
           1.1955659
           1.1367373
           1.4470538
           1.2212436
           1.2591133
           1.2706257
            1.308517
           1.2057968
           1.3316077
           1.0882952
          0.95925951
           1.1905963
             1.29012
           1.1875197
           1.1992035
           1.2988061
           1.3105479
           1.1377512
           1.0704566
           1.1086661
          0.98870933
          0.95668191
           1.0037965
           1.0509531
           1.1157318
           1.1366106
          0.78839606
          0.58964437
          0.68098223
          0.64053631
          0.53862065
          0.42797124
          0.56347251
          0.43536034
          0.43914413
          0.30236444
          0.21838216
          0.32782379
          0.47248766
          0.30081269
           0.4104566
          0.14224109
          0.32233942
          0.15094826
        -0.073102921
        -0.077351861
         -0.14304729
         0.055007413
        -0.010530286
         -0.10235447
          0.01684076
         -0.13634187
        -0.016979348
         -0.16999242
         -0.12955965
         -0.19450814
         -0.28573525
         -0.54386497
         -0.42397442
         -0.57645333
         -0.65852726
         -0.89871097
         -0.64661288
          -1.2821151
          -1.0122479
          -1.2696278
         -0.98198831
          -1.0721804
          -1.2765313
          -1.2874234
          -1.4739964
          -1.6428906
          -1.5304333
          -1.6200225
          -1.5249391
          -1.5088542
          -1.3959862
          -1.4675847
          -1.5039227
          -1.4610547
          -1.3389801
          -1.4189488
          -1.4021323
          -1.3939992
          -1.4560727
          -1.3774152
          -1.4129092
          -1.5713438
          -1.4132658
          -1.4220736
          -1.2989391
          -1.2284325
          -1.1138743
          -1.2628818
          -1.2360018
          -1.2705394
          -1.3225493
          -1.2338287
          -1.2856277
          -1.3461108
          -1.2131299
         -0.98336494
          -1.1577928
          -1.1475469
         -0.99657285
          -1.0124884
          -1.0107237
          -1.1582714
          -1.2178276
          -1.0663457
          -1.0641781
          -1.0970677
          -1.1650151
          -0.8900913
         -0.90510964
          -1.0518677
           -0.723921
         -0.79138756
         -0.78844798
         -0.79420465
         -0.57135391
         -0.63845128
         -0.55604464
         -0.74601001
         -0.50522345
         -0.51044387
         -0.41010973
         -0.46789414
        -0.068563789
         -0.12618238
         0.044795796
          0.17190857
          0.12331877
         0.030861078
          0.32519826
          0.22410245
          0.50979888
          0.56705183
          0.65953177
          0.52356547
          0.66891706
          0.77917898
          0.95981836
          0.79774791
           1.0400363
          0.98355728
          0.96229339
          0.94987607
           1.0166162
           1.0658325
           1.2908827
           1.3665699
           1.4335175
           1.4741457
           1.5236089
           1.5467495
           1.4029406
            1.426165
           1.4494286
           1.5518314
            1.522434
           1.5809613
           1.5516305
           1.5574863
           1.4579022
           1.5429152
           1.4873285
           1.3966089
           1.3146999
           1.4789044
           1.5025016
           1.4821697
           1.3124379
           1.4239686
           1.3509393
           1.3658094
            1.477366
           1.3955683
           1.0852579
           1.2935035
           1.3083892
           1.2969053
           1.2590498
           1.3266568
           1.0602715
           1.0136029
           0.8790319
           1.0872208
          0.76805055
          0.81800371
          0.95582843
          0.87390566
           0.8446945
          0.92971671
          0.92682195
          0.86237562
          0.87700093
           0.8740164
          0.65127188
           0.6130625
          0.54844892
          0.46621856
          0.47183836
          0.41589263
          0.30716866
          0.33023512
          0.31809816
          0.29712325
          0.34641039
          0.17591883
          0.20752199
          0.16875732
           0.1387248
          0.12621197
        -0.088509321
        -0.030831195
          0.10588545
          -0.2760171
         -0.23611064
         -0.23142788
          -0.2443921
         -0.49473128
         -0.59572804
         -0.51222754
          -0.8418873
         -0.72338051
         -0.56100541
         -0.81179446
         -0.85172552
         -0.91810447
         -0.88788563
         -0.84896082
           -1.056214
         -0.99988061
         -0.89968836
          -1.0720446
          -1.0335518
         -0.89846897
         -0.78984386
         -0.79556811
         -0.81896293
